Epoch: 81
RMSE: 90.5150146484375
MAE: 61.118858337402344
R2: -0.5609117746353149
Val Loss: 7776.8087158203125