Epoch: 9
RMSE: 96.21184539794922
MAE: 65.80858612060547
R2: -0.7635761499404907
Val Loss: 9094.471261160714