Epoch: 29
RMSE: 41.984012603759766
MAE: 26.037334442138672
R2: 0.6367075443267822
Val Loss: 1764.4419068502723