SUBSET METRICS (278 images):
RMSE: 43.1001
MAE: 26.7528
R2: 0.6349

----------------
FULL SET COMPARISON:
TEST RESULTS
RMSE: 42.31018829345703
MAE: 26.10922622680664
R2: 0.6392192840576172